16678
75100
39087
84036
11081
85631
76605
81655
12490
59328
83435
14593
82686
10299
80266
22779
83862
10147
88661
27983
18729
28484
22293
75577
13928
11896
58990
64936
78139
84372
66093
82642
65875
18411
18163
23819
47941
11850
10696
48960
24010
84020
75607
84342
84788
40416
75828
89525
79973
26403
76076
30681
14702
10324
27828
76841
82598
78975
18403
91063
57817
76226
38156
75489
87055
10104
18092
57665
79094
75510
81138
53866
85914
77659
88668
53613
47175
61241
65787
12060
86356
77178
85963
21207
85753
90319
54827
15560
77546
10078
82643
83332
85348
86305
75224
75257
76201
88587
25487
24109
10107
63060
23931
44644
23712
24205
77418
79879
13688
85032
84001
11754
17005
77462
60871
49154
87432
66181
59010
90609
84519
11976
51377
19502
86979
14008
15579
65883
17478
43449
46886
21776
23026
24563
77702
41443
25778
55976
64282
50906
86868
80599
52919
12067
77274
11308
70519
82618
84381
62092
13901
76656
14541
83596
40125
40539
24643
86845
48267
17806
26825
23309
59184
91207
46578
11552
52476
86158
78840
90441
13856
79212
70092
80913
77281
77606
23660
60628
69032
75789
61621
22752
47466
81055
18542
19561
27756
76282
75573
25785
12079
89954
83976
85072
67467
39538
66157
35044
22111
45241
64995
38703
72726
20482
62148
17830
47896
46703
68591
58683
81593
49656
68144
71563
45277
59408
92655
90537
79323
27887
76149
16600
10145
15667
73139
43553
51369
70033
34746
60442
25419
60943
36469
77605
14277
32791
52978
25013
59176
62519
11703
17750
34833
50876
10890
91461
89626
76240
64565
84176
84373
44951
45794
86946
43123
53831
89003
29102
87299
56232
70500
54148
48506
77661
91218
39642
60986
39490
19393
88845
81061
15077
75034
12431
26710
77730
10516
15069
70332
11955
85269
38682
79237
23887
89006
87137
42024
60599
89258
78916
14656
45495
78877
75825
77481
83421
53065
45356
59248
40272
11415
91391
21371
66800
52038
22840
19350
51043
61399
60097
23077
25320
68304
75154
56274
86756
35554
25081
89463
56573
51706
52230
48725
10562
42906
84129
21936
22592
75592
70578
36468
59192
85459
87292
82651
46877
87447
63830
23990
78987
89179
43350
60206
12052
27713
28222
79057
64311
84032
60506
90880
27633
81776
42200
89070
12062
20220
27991
88313
20053
77668
10225
86102
80080
10137
77129
90162
78927
12570
76619
10874
24272
80100
48653
24459
16432
49905
76644
89195
85271
61815
76638
91392
79547
39917
37284
81540
89813
54181
38762
64186
91143
21792
91650
88991
90808
86176
90352
64653
29946
92156
35051
17144
58246
36397
22509
42534
76757
42796
52329
81774
27043
52090
21178
37584
89014
23579
21979
76639
57568
34817
49680
52708
20626
71175
43772
59459
50227
44601
65330
85926
18016
24221
25953
75646
75175
59440
24942
28345
86021
12140
81857
22517
21186
88853
41080
49015
37161
22103
86314
90199
90038
80381
62308
87842
80406
80711
61735
79129
34032
45751
70536
76804
76887
85913
23114
15202
24985
46674
25099
78034
23229
58318
48274
11674
52337
86136
15720
69550
50017
90110
64390
23501
49373
76712
41355
77768
92602
57904
24766
82775
67598
51263
81285
21573
85058
23473
90993
86111
27959
92293
89301
92121
88352
80303
76082
91233
63765
86799
26382
82307
11618
84769
17279
90829
19583
30940
25582
75241
92157
90601
92618
90215
42585
12073
52695
24328
88590
77157
23536
92709
79265
11600
83906
77976
23085
86725
76625
89533
65947
83143
86228
82298
91883
82196
75819
86580
32870
69796
66384
89004
79103
44206
85792
91937
76708
87184
91611
70308
19166
86783
