permno
16678.0
75100.0
39087.0
84036.0
11081.0
85631.0
76605.0
81655.0
12490.0
59328.0
83435.0
14593.0
82686.0
10299.0
80266.0
22779.0
83862.0
10147.0
88661.0
27983.0
18729.0
28484.0
22293.0
75577.0
13928.0
11896.0
58990.0
64936.0
78139.0
84372.0
66093.0
82642.0
65875.0
18411.0
18163.0
23819.0
47941.0
11850.0
10696.0
48960.0
24010.0
84020.0
75607.0
84342.0
84788.0
40416.0
75828.0
89525.0
79973.0
26403.0
76076.0
30681.0
14702.0
10324.0
27828.0
76841.0
82598.0
78975.0
18403.0
91063.0
57817.0
76226.0
38156.0
75489.0
87055.0
10104.0
18092.0
57665.0
79094.0
75510.0
81138.0
53866.0
85914.0
77659.0
88668.0
53613.0
47175.0
61241.0
65787.0
12060.0
86356.0
77178.0
85963.0
21207.0
85753.0
90319.0
54827.0
15560.0
77546.0
10078.0
82643.0
83332.0
85348.0
86305.0
75224.0
75257.0
76201.0
88587.0
25487.0
24109.0
10107.0
63060.0
23931.0
44644.0
23712.0
24205.0
77418.0
79879.0
13688.0
85032.0
84001.0
11754.0
17005.0
77462.0
60871.0
49154.0
87432.0
66181.0
59010.0
90609.0
84519.0
11976.0
51377.0
19502.0
86979.0
14008.0
15579.0
65883.0
17478.0
43449.0
46886.0
21776.0
23026.0
24563.0
77702.0
41443.0
25778.0
55976.0
64282.0
50906.0
86868.0
80599.0
52919.0
12067.0
77274.0
11308.0
70519.0
82618.0
84381.0
62092.0
13901.0
76656.0
14541.0
83596.0
40125.0
40539.0
24643.0
86845.0
48267.0
17806.0
26825.0
23309.0
59184.0
91207.0
46578.0
11552.0
52476.0
86158.0
78840.0
90441.0
13856.0
79212.0
70092.0
80913.0
77281.0
77606.0
23660.0
60628.0
69032.0
75789.0
61621.0
22752.0
47466.0
81055.0
18542.0
19561.0
27756.0
76282.0
75573.0
25785.0
12079.0
89954.0
83976.0
85072.0
67467.0
39538.0
66157.0
35044.0
22111.0
45241.0
64995.0
38703.0
72726.0
20482.0
62148.0
17830.0
47896.0
46703.0
68591.0
58683.0
81593.0
49656.0
68144.0
71563.0
45277.0
59408.0
92655.0
90537.0
79323.0
27887.0
76149.0
16600.0
10145.0
15667.0
73139.0
43553.0
51369.0
70033.0
34746.0
60442.0
25419.0
60943.0
36469.0
77605.0
14277.0
32791.0
52978.0
25013.0
59176.0
62519.0
11703.0
17750.0
34833.0
50876.0
10890.0
91461.0
89626.0
76240.0
64565.0
84176.0
84373.0
44951.0
45794.0
86946.0
43123.0
53831.0
89003.0
29102.0
87299.0
56232.0
70500.0
54148.0
48506.0
77661.0
91218.0
39642.0
60986.0
39490.0
19393.0
88845.0
81061.0
15077.0
75034.0
12431.0
26710.0
77730.0
10516.0
15069.0
70332.0
11955.0
85269.0
38682.0
79237.0
23887.0
89006.0
87137.0
42024.0
60599.0
89258.0
78916.0
14656.0
45495.0
78877.0
75825.0
77481.0
83421.0
53065.0
45356.0
59248.0
40272.0
11415.0
91391.0
21371.0
66800.0
52038.0
22840.0
19350.0
51043.0
61399.0
60097.0
23077.0
25320.0
68304.0
75154.0
56274.0
86756.0
35554.0
25081.0
89463.0
56573.0
51706.0
52230.0
48725.0
10562.0
42906.0
84129.0
21936.0
22592.0
75592.0
70578.0
36468.0
59192.0
85459.0
87292.0
82651.0
46877.0
87447.0
63830.0
23990.0
78987.0
89179.0
43350.0
60206.0
12052.0
27713.0
28222.0
79057.0
64311.0
84032.0
60506.0
90880.0
27633.0
81776.0
42200.0
89070.0
12062.0
20220.0
27991.0
88313.0
20053.0
77668.0
10225.0
86102.0
80080.0
10137.0
77129.0
90162.0
78927.0
12570.0
76619.0
10874.0
24272.0
80100.0
48653.0
24459.0
16432.0
49905.0
76644.0
89195.0
85271.0
61815.0
76638.0
91392.0
79547.0
39917.0
37284.0
81540.0
89813.0
54181.0
38762.0
64186.0
91143.0
21792.0
91650.0
88991.0
90808.0
86176.0
90352.0
64653.0
29946.0
92156.0
35051.0
17144.0
58246.0
36397.0
22509.0
42534.0
76757.0
42796.0
52329.0
81774.0
27043.0
52090.0
21178.0
37584.0
89014.0
23579.0
21979.0
76639.0
57568.0
34817.0
49680.0
52708.0
20626.0
71175.0
43772.0
59459.0
50227.0
44601.0
65330.0
85926.0
18016.0
24221.0
25953.0
75646.0
75175.0
59440.0
24942.0
28345.0
86021.0
12140.0
81857.0
22517.0
21186.0
88853.0
41080.0
49015.0
37161.0
22103.0
86314.0
90199.0
90038.0
80381.0
62308.0
87842.0
80406.0
80711.0
61735.0
79129.0
34032.0
45751.0
70536.0
76804.0
76887.0
85913.0
23114.0
15202.0
24985.0
46674.0
25099.0
78034.0
23229.0
58318.0
48274.0
11674.0
52337.0
86136.0
15720.0
69550.0
50017.0
90110.0
64390.0
23501.0
49373.0
76712.0
41355.0
77768.0
92602.0
57904.0
24766.0
82775.0
67598.0
51263.0
81285.0
21573.0
85058.0
23473.0
90993.0
86111.0
27959.0
92293.0
89301.0
92121.0
88352.0
80303.0
76082.0
91233.0
63765.0
86799.0
26382.0
82307.0
11618.0
84769.0
17279.0
90829.0
19583.0
30940.0
25582.0
75241.0
92157.0
90601.0
92618.0
90215.0
42585.0
12073.0
52695.0
24328.0
88590.0
77157.0
23536.0
92709.0
79265.0
11600.0
83906.0
77976.0
23085.0
86725.0
76625.0
89533.0
65947.0
83143.0
86228.0
82298.0
91883.0
82196.0
75819.0
86580.0
32870.0
69796.0
66384.0
89004.0
79103.0
44206.0
85792.0
91937.0
76708.0
87184.0
91611.0
70308.0
19166.0
86783.0
